(set 'dbf_fields '(
  (0 "PUMPENR" 4 0 1) 
  (1 "PUMPEKZ" 15 0 5) 
  (2 "PUMPEBEZ" 25 0 20) 
  (3 "FRAENR" 8 0 45) 
  (4 "FRAENAME" 40 0 53) 
  (5 "BV_RECHNR" 8 0 93) 
  (6 "RUECKMEN" 10 2 101) 
  (7 "LSNRRUEM" 8 0 111) 
  (8 "BSTMAT" 8 0 119) 
  (9 "BSTMEN" 10 2 127) 
  (10 "BSTWAS" 4 0 137) 
  (11 "WAZT" 10 2 141) 
  (12 "BSTZT" 10 2 151) 
  (13 "BARBEZ" 1 0 161) 
  (14 "PREISM3" 10 3 162) 
  (15 "RABATT" 10 3 172) 
  (16 "SKONTO" 10 3 182) 
  (17 "MWST" 10 3 192) 
  (18 "BRUTTOPR" 10 3 202) 
  (19 "NETTOPR" 10 3 212) 
  (20 "UEBERT" 1 0 222) 
  (21 "BANDDEPOT" 1 0 223) 
  (22 "FZBEZ" 25 0 224) 
  (23 "BSTBEMERK" 80 0 249) 
  (24 "VERWEND" 60 0 329) 
  (25 "PRODDAT" 8 0 389) 
  (26 "PRODZT" 8 0 397) 
  (27 "BELADZT" 8 0 405) 
  (28 "MANDANT" 8 0 413) 
  (29 "REFLSNR" 8 0 421) 
  (30 "LIEFNR" 8 0 429) 
  (31 "CHPNR" 8 0 437) 
  (32 "GEDRUCKT" 4 0 445) 
  (33 "VOLLST" 1 0 449) 
  (34 "STORNO" 1 0 450) 
  (35 "ANEDV" 1 0 451) 
  (36 "ZTANBST" 8 0 452) 
  (37 "ZTETLBEG" 8 0 460) 
  (38 "ZTETLEND" 8 0 468) 
  (39 "ZTANWE" 8 0 476) 
  (40 "RESLIEFNR" 8 0 484) 
  (41 "LSTEXT" 80 0 492) 
  (42 "LSANMERK" 80 0 572) 
  (43 "ANMERK" 80 0 652) 
  (44 "ANMERK1" 80 0 732) 
  (45 "ANMERK2" 80 0 812) 
  (46 "LAB_ANMERK" 80 0 892) 
  (47 "FA_ANMERK" 80 0 972) 
  (48 "NAMEHERST" 30 0 1052) 
  (49 "NAMEABN" 30 0 1082) 
  (50 "WERK" 4 0 1112) 
  (51 "DOSANL" 4 0 1116) 
  (52 "UA_WERKNR" 40 0 1120) 
  (53 "UA_ZERTST" 40 0 1160) 
  (54 "ATRNR" 8 0 1200) 
  (55 "LADATRNR" 4 0 1208) 
  (56 "UEBWZ1" 1 0 1212) 
  (57 "UEBWZ2" 1 0 1213) 
  (58 "UEBWZ3" 1 0 1214) 
  (59 "BETONART" 1 0 1215) 
  (60 "REZNR" 12 0 1216) 
  (61 "REZBEZ" 60 0 1228) 
  (62 "ARTNR" 16 0 1288) 
  (63 "FSTKL" 16 0 1304) 
  (64 "FEU_KL" 16 0 1320) 
  (65 "EXP_KL_GR" 16 0 1336) 
  (66 "STAFA_KL" 16 0 1352) 
  (67 "KONSBER" 16 0 1368) 
  (68 "ZIELKONS" 10 2 1384) 
  (69 "ROHDIKL" 16 0 1394) 
  (70 "ZIELROHDI" 4 0 1410) 
  (71 "KL_CHLORID" 16 0 1414) 
  (72 "KOERN" 4 0 1430) 
  (73 "VEARBZT" 10 2 1434) 
  (74 "LS_MAXWZ" 10 2 1444) 
  (75 "LS_ZEM00" 4 0 1454) 
  (76 "LS_ZEM01" 4 0 1458) 
  (77 "LS_ZEM02" 4 0 1462) 
  (78 "LS_FUEL00" 4 0 1466) 
  (79 "LS_FUEL01" 4 0 1470) 
  (80 "LS_FUEL02" 4 0 1474) 
  (81 "ENTW" 20 0 1478) 
  (82 "NACHBH1" 4 0 1498) 
  (83 "NACHBH2" 4 0 1502) 
  (84 "NACHBH3" 4 0 1506) 
  (85 "NACHBH4" 4 0 1510) 
  (86 "ABRMEN" 10 2 1514) 
  (87 "CHMEN" 10 2 1524) 
  (88 "DIAUTOART" 4 0 1534) 
  (89 "AUTONR" 4 0 1538) 
  (90 "AUTOKZ" 15 0 1542) 
  (91 "FAHRNR" 4 0 1557) 
  (92 "FAHRNAME" 30 0 1561) 
  (93 "LAND_KENN" 3 0 1591) 
  (94 "EIGENS1" 25 0 1594) 
  (95 "EIGENS2" 25 0 1619) 
  (96 "EIGENS3" 25 0 1644) 
  (97 "EIGENS4" 25 0 1669) 
  (98 "EIGENS5" 25 0 1694) 
  (99 "EIGENS6" 25 0 1719) 
  (100 "EIGENS7" 25 0 1744) 
  (101 "EIGENS8" 25 0 1769) 
  (102 "EXPOS_KL00" 16 0 1794) 
  (103 "EXPOS_KL01" 16 0 1810) 
  (104 "EXPOS_KL02" 16 0 1826) 
  (105 "EXPOS_KL03" 16 0 1842) 
  (106 "EXPOS_KL04" 16 0 1858) 
  (107 "EXPOS_KL05" 16 0 1874) 
  (108 "EXPOS_KL06" 16 0 1890) 
  (109 "EXPOS_KL07" 16 0 1906) 
  (110 "UEBWKL" 16 0 1922) 
  (111 "SOLLMEN" 10 2 1938) 
  (112 "ISTMEN" 10 2 1948) 
  (113 "RESTMEN" 10 2 1958) 
  (114 "KNDNR" 8 0 1968) 
  (115 "KNDADR_1" 40 0 1976) 
  (116 "KNDADR_2" 40 0 2016) 
  (117 "KNDADR_2Z" 40 0 2056) 
  (118 "KNDADR_2Z2" 40 0 2096) 
  (119 "KNDADR_3" 40 0 2136) 
  (120 "KNDADR_4" 40 0 2176) 
  (121 "KNDPLZ" 10 0 2216) 
  (122 "BSTNR" 8 0 2226) 
  (123 "BSTADR_1" 40 0 2234) 
  (124 "BSTADR_1Z" 40 0 2274) 
  (125 "BSTADR_1Z2" 40 0 2314) 
  (126 "BSTADR_2" 40 0 2354) 
  (127 "BSTADR_3" 40 0 2394) 
  (128 "BSTPLZ" 10 0 2434) 
  (129 "BAUABS" 40 0 2444) 
  (130 "BAUTEIL" 40 0 2484) 
  (131 "HNDNR" 8 0 2524) 
  (132 "HNDADR_1" 40 0 2532) 
  (133 "HNDADR_2" 40 0 2572) 
  (134 "HNDADR_3" 40 0 2612) 
  (135 "HNDADR_4" 40 0 2652) 
  (136 "HNDPLZ" 10 0 2692) 
  (137 "BESTELLER" 40 0 2702) 
  (138 "ZONE" 4 0 2742) 
  (139 "LSART" 2 0 2746) 
  (140 "LSTYP" 3 0 2748) 
  (141 "QUALKONT" 1 0 2751) 
  (142 "MIWASS" 10 2 2752) 
  (143 "SPUELW" 10 2 2762) 
  (144 "WKOR" 4 0 2772) 
  (145 "FMLKWPZ" 10 2 2776) 
  (146 "SUM_ZS" 10 3 2786) 
  (147 "SUM_ZE" 10 3 2796) 
  (148 "SUM_FL" 10 3 2806) 
  (149 "SUM_BM" 10 3 2816) 
  (150 "SUM_WA" 10 3 2826) 
  (151 "MATKENN00" 2 0 2836) 
  (152 "MATKENN01" 2 0 2838) 
  (153 "MATKENN02" 2 0 2840) 
  (154 "MATKENN03" 2 0 2842) 
  (155 "MATKENN04" 2 0 2844) 
  (156 "MATKENN05" 2 0 2846) 
  (157 "MATNR00" 8 0 2848) 
  (158 "MATNR01" 8 0 2856) 
  (159 "MATNR02" 8 0 2864) 
  (160 "MATNR03" 8 0 2872) 
  (161 "MATNR04" 8 0 2880) 
  (162 "MATNR05" 8 0 2888) 
  (163 "MATBEZ00" 25 0 2896) 
  (164 "MATBEZ01" 25 0 2921) 
  (165 "MATBEZ02" 25 0 2946) 
  (166 "MATBEZ03" 25 0 2971) 
  (167 "MATBEZ04" 25 0 2996) 
  (168 "MATBEZ05" 25 0 3021) 
  (169 "MATHERST00" 25 0 3046) 
  (170 "MATHERST01" 25 0 3071) 
  (171 "MATHERST02" 25 0 3096) 
  (172 "MATHERST03" 25 0 3121) 
  (173 "MATHERST04" 25 0 3146) 
  (174 "MATHERST05" 25 0 3171) 
  (175 "MATMEN00" 10 3 3196) 
  (176 "MATMEN01" 10 3 3206) 
  (177 "MATMEN02" 10 3 3216) 
  (178 "MATMEN03" 10 3 3226) 
  (179 "MATMEN04" 10 3 3236) 
  (180 "MATMEN05" 10 3 3246) 
  (181 "MATKORR00" 10 3 3256) 
  (182 "MATKORR01" 10 3 3266) 
  (183 "MATKORR02" 10 3 3276) 
  (184 "MATKORR03" 10 3 3286) 
  (185 "MATKORR04" 10 3 3296) 
  (186 "MATKORR05" 10 3 3306) 
  (187 "MATEH00" 3 0 3316) 
  (188 "MATEH01" 3 0 3319) 
  (189 "MATEH02" 3 0 3322) 
  (190 "MATEH03" 3 0 3325) 
  (191 "MATEH04" 3 0 3328) 
  (192 "MATEH05" 3 0 3331) 
  (193 "MATAR00" 16 0 3334) 
  (194 "MATAR01" 16 0 3350) 
  (195 "MATAR02" 16 0 3366) 
  (196 "MATAR03" 16 0 3382) 
  (197 "MATAR04" 16 0 3398) 
  (198 "MATAR05" 16 0 3414) 
  (199 "FELD1A" 20 0 3430) 
  (200 "FELD2A" 20 0 3450) 
  (201 "FELD3A" 20 0 3470) 
  (202 "FELD4A" 20 0 3490) 
  (203 "FELD1N" 10 3 3510) 
  (204 "FELD2N" 10 3 3520) 
  (205 "FELD3N" 10 3 3530) 
  (206 "FELD4N" 10 3 3540) 
  (207 "PZNR00" 4 0 3550) 
  (208 "PZNR01" 4 0 3554) 
  (209 "PZNR02" 4 0 3558) 
  (210 "PZNR03" 4 0 3562) 
  (211 "PZNR04" 4 0 3566) 
  (212 "PZNR05" 4 0 3570) 
  (213 "PZNR06" 4 0 3574) 
  (214 "PZNR07" 4 0 3578) 
  (215 "PZNR08" 4 0 3582) 
  (216 "PZNR09" 4 0 3586) 
  (217 "PZNR10" 4 0 3590) 
  (218 "PZNR11" 4 0 3594) 
  (219 "PZBEZ00" 40 0 3598) 
  (220 "PZBEZ01" 40 0 3638) 
  (221 "PZBEZ02" 40 0 3678) 
  (222 "PZBEZ03" 40 0 3718) 
  (223 "PZBEZ04" 40 0 3758) 
  (224 "PZBEZ05" 40 0 3798) 
  (225 "PZBEZ06" 40 0 3838) 
  (226 "PZBEZ07" 40 0 3878) 
  (227 "PZBEZ08" 40 0 3918) 
  (228 "PZBEZ09" 40 0 3958) 
  (229 "PZBEZ10" 40 0 3998) 
  (230 "PZBEZ11" 40 0 4038) 
  (231 "PZPREIS00" 10 3 4078) 
  (232 "PZPREIS01" 10 3 4088) 
  (233 "PZPREIS02" 10 3 4098) 
  (234 "PZPREIS03" 10 3 4108) 
  (235 "PZPREIS04" 10 3 4118) 
  (236 "PZPREIS05" 10 3 4128) 
  (237 "PZPREIS06" 10 3 4138) 
  (238 "PZPREIS07" 10 3 4148) 
  (239 "PZPREIS08" 10 3 4158) 
  (240 "PZPREIS09" 10 3 4168) 
  (241 "PZPREIS10" 10 3 4178) 
  (242 "PZPREIS11" 10 3 4188) 
  (243 "PZFIX00" 1 0 4198) 
  (244 "PZFIX01" 1 0 4199) 
  (245 "PZFIX02" 1 0 4200) 
  (246 "PZFIX03" 1 0 4201) 
  (247 "PZFIX04" 1 0 4202) 
  (248 "PZFIX05" 1 0 4203) 
  (249 "PZFIX06" 1 0 4204) 
  (250 "PZFIX07" 1 0 4205) 
  (251 "PZFIX08" 1 0 4206) 
  (252 "PZFIX09" 1 0 4207) 
  (253 "PZFIX10" 1 0 4208) 
  (254 "PZFIX11" 1 0 4209) 
  (255 "FPRZEI00" 3 0 4210) 
  (256 "FPRZEI01" 3 0 4213) 
  (257 "FPRZEI02" 3 0 4216) 
  (258 "FPRZEI03" 3 0 4219) 
  (259 "FPRZEI04" 3 0 4222) 
  (260 "FPRZEI05" 3 0 4225) 
  (261 "FPRZEI06" 3 0 4228) 
  (262 "FPRZEI07" 3 0 4231) 
  (263 "FPRZEI08" 3 0 4234) 
  (264 "FPRZEI09" 3 0 4237) 
  (265 "FPRZEI10" 3 0 4240) 
  (266 "FPRZEI11" 3 0 4243) 
  (267 "FPRZME00" 10 2 4246) 
  (268 "FPRZME01" 10 2 4256) 
  (269 "FPRZME02" 10 2 4266) 
  (270 "FPRZME03" 10 2 4276) 
  (271 "FPRZME04" 10 2 4286) 
  (272 "FPRZME05" 10 2 4296) 
  (273 "FPRZME06" 10 2 4306) 
  (274 "FPRZME07" 10 2 4316) 
  (275 "FPRZME08" 10 2 4326) 
  (276 "FPRZME09" 10 2 4336) 
  (277 "FPRZME10" 10 2 4346) 
  (278 "FPRZME11" 10 2 4356) 
  (279 "FPRZAR00" 16 0 4366) 
  (280 "FPRZAR01" 16 0 4382) 
  (281 "FPRZAR02" 16 0 4398) 
  (282 "FPRZAR03" 16 0 4414) 
  (283 "FPRZAR04" 16 0 4430) 
  (284 "FPRZAR05" 16 0 4446) 
  (285 "FPRZAR06" 16 0 4462) 
  (286 "FPRZAR07" 16 0 4478) 
  (287 "FPRZAR08" 16 0 4494) 
  (288 "FPRZAR09" 16 0 4510) 
  (289 "FPRZAR10" 16 0 4526) 
  (290 "FPRZAR11" 16 0 4542) 
  (291 "FREZAR" 16 0 4558) 
  (292 "M_AKTKBL" 4 0 4574) 
  (293 "M_FREIKBL" 4 0 4578) 
  (294 "M_BENKBL" 4 0 4582) 
  (295 "LASTSTRECK" 4 0 4586) 
  (296 "STANDZT" 4 1 4590) 
  (297 "WARTEZT" 4 1 4594) 
  (298 "ENLEERZT" 4 1 4598) 
  (299 "AEDAT" 8 0 4602) 
  (300 "AEZT" 8 0 4610) 
  (301 "AEID" 8 0 4618)))

